SHR %CPU %MEM TIME+ COMMAND
28308 0,0 0,5 0:00.11 java
28308 0,0 0,5 0:00.11 java
28308 0,0 0,5 0:00.11 java
28308 0,0 0,5 0:00.12 java
28308 0,0 0,5 0:00.12 java
28308 0,0 0,5 0:00.12 java
28308 0,0 0,5 0:00.12 java
28308 5,9 0,5 0:00.13 java
28308 0,0 0,5 0:00.13 java
28308 0,0 0,5 0:00.13 java
28308 0,0 0,5 0:00.13 java
28308 0,0 0,5 0:00.13 java
28308 0,0 0,5 0:00.13 java
28308 0,0 0,5 0:00.14 java
28308 0,0 0,5 0:00.14 java
28308 0,0 0,5 0:00.14 java
28308 0,0 0,5 0:00.14 java
28308 0,0 0,5 0:00.15 java
28308 0,0 0,5 0:00.15 java
28308 0,0 0,5 0:00.15 java
28308 0,0 0,5 0:00.15 java
28308 0,0 0,5 0:00.15 java
28308 0,0 0,5 0:00.15 java
28308 0,0 0,5 0:00.16 java
28308 0,0 0,5 0:00.16 java
28308 0,0 0,5 0:00.16 java
28308 0,0 0,5 0:00.16 java
28308 0,0 0,5 0:00.17 java
28308 0,0 0,5 0:00.17 java
28308 0,0 0,5 0:00.17 java
28308 0,0 0,5 0:00.17 java
28308 0,0 0,5 0:00.18 java
28308 0,0 0,5 0:00.18 java
28308 6,2 0,5 0:00.19 java
28308 0,0 0,5 0:00.19 java
28308 0,0 0,5 0:00.19 java
28308 0,0 0,5 0:00.19 java
28308 0,0 0,5 0:00.19 java
